               precision    recall  f1-score   support

           10     0.0000    0.0000    0.0000         1
          100     0.0000    0.0000    0.0000         1
           50     0.0000    0.0000    0.0000         1
     abnormal     0.0000    0.0000    0.0000         1
   absolutely     0.0000    0.0000    0.0000         1
       afraid     0.5000    1.0000    0.6667         1
       almost     0.5000    1.0000    0.6667         1
      ancient     1.0000    1.0000    1.0000         1
       annual     0.0000    0.0000    0.0000         1
      another     0.0000    0.0000    0.0000         1
          any     0.0000    0.0000    0.0000         1
      because     0.5000    1.0000    0.6667         1
         both     1.0000    1.0000    1.0000         1
        brain     0.0000    0.0000    0.0000         1
     children     0.3333    1.0000    0.5000         1
         come     0.0000    0.0000    0.0000         1
 continuously     0.0000    0.0000    0.0000         1
           do     1.0000    1.0000    1.0000         1
          dry     0.0000    0.0000    0.0000         1
     elevator     0.0000    0.0000    0.0000         1
        empty     0.0000    0.0000    0.0000         1
          eye     0.0000    0.0000    0.0000         1
       father     1.0000    1.0000    1.0000         1
          few     0.0000    0.0000    0.0000         1
         from     0.0000    0.0000    0.0000         1
           go     0.0000    0.0000    0.0000         1
           he     0.5000    1.0000    0.6667         1
         hear     1.0000    1.0000    1.0000         1
        heart     1.0000    1.0000    1.0000         1
      however     0.0000    0.0000    0.0000         1
            i     1.0000    1.0000    1.0000         1
         jeep     0.0000    0.0000    0.0000         1
        knock     0.5000    1.0000    0.6667         1
         lakh     0.0000    0.0000    0.0000         1
    literally     0.0000    0.0000    0.0000         1
         mehr     0.0000    0.0000    0.0000         1
         mine     0.0000    0.0000    0.0000         1
       mother     0.0000    0.0000    0.0000         1
        mouth     0.0000    0.0000    0.0000         1
         move     1.0000    1.0000    1.0000         1
         near     1.0000    1.0000    1.0000         1
          off     0.5000    1.0000    0.6667         1
        often     0.5000    1.0000    0.6667         1
          one     0.5000    1.0000    0.6667         1
          our     1.0000    1.0000    1.0000         1
     outdoors     0.5000    1.0000    0.6667         1
      outside     1.0000    1.0000    1.0000         1
      parents     0.0000    0.0000    0.0000         1
      request     1.0000    1.0000    1.0000         1
   roundabout     0.5000    1.0000    0.6667         1
          say     1.0000    1.0000    1.0000         1
          she     0.0000    0.0000    0.0000         1
       sister     0.0000    0.0000    0.0000         1
soAccentuator     1.0000    1.0000    1.0000         1
  soInOrderTo     0.3333    1.0000    0.5000         1
         some     1.0000    1.0000    1.0000         1
         soon     0.5000    1.0000    0.6667         1
   subsequent     0.5000    1.0000    0.6667         1
       subway     0.0000    0.0000    0.0000         1
   sufficient     0.0000    0.0000    0.0000         1
        there     0.0000    0.0000    0.0000         1
         this     0.5000    1.0000    0.6667         1
   thoughtful     1.0000    1.0000    1.0000         1
       tongue     0.0000    0.0000    0.0000         1
        trust     1.0000    1.0000    1.0000         1
     truthful     1.0000    1.0000    1.0000         1
    universal     0.5000    1.0000    0.6667         1
           up     1.0000    1.0000    1.0000         1
       upward     0.0000    0.0000    0.0000         1
      usually     0.5000    1.0000    0.6667         1
         walk     0.5000    1.0000    0.6667         1
         warm     0.5000    1.0000    0.6667         1
           we     1.0000    1.0000    1.0000         1
         weak     0.5000    1.0000    0.6667         1
      without     0.0000    0.0000    0.0000         1
        woman     0.3333    1.0000    0.5000         1
         work     0.0000    0.0000    0.0000         1
       worthy     0.0000    0.0000    0.0000         1
       yellow     0.3333    1.0000    0.5000         1
          you     0.0000    0.0000    0.0000         1

     accuracy                         0.5250        80
    macro avg     0.3792    0.5250    0.4250        80
 weighted avg     0.3792    0.5250    0.4250        80
